0 226.100000 81.072357
1 253.330000 45.465925
2 269.199000 25.544522
3 264.859700 14.077561
4 277.557910 8.954594
5 277.167373 4.906632
6 298.750212 8.192284
7 288.425064 5.817292
8 302.127519 5.855979
9 288.738256 5.773825
10 284.021477 3.586304
11 299.406443 5.855849
12 287.921933 5.219683
13 263.476580 9.219796
14 285.542974 9.386487
15 265.562892 8.818051
16 269.368868 5.018946
17 255.810660 5.584943
18 273.443198 7.023614
19 260.532959 6.019044
20 260.859888 3.298850
21 240.657966 7.465721
22 247.197390 4.713739
23 230.959217 6.369246
24 275.787765 16.448318
25 275.936330 9.009272
26 250.080899 10.502405
27 247.224270 5.842888
28 234.467281 5.582617
29 229.240184 3.586444
30 246.572055 6.517732
31 243.371617 3.749824
32 239.611485 2.456862
33 233.583445 2.546131
34 233.175034 1.402242
35 232.352510 0.822720
36 239.805753 2.710223
37 225.941726 5.188108
38 224.582518 2.883135
39 241.674755 6.328917
40 237.702427 3.747711
41 248.410728 4.353917
42 241.823218 3.356542
43 246.846966 2.573869
44 253.254090 2.695451
45 243.976227 3.639630
46 232.792868 4.478189
47 260.937860 10.385707
48 235.781358 10.664204
49 242.234407 6.282637
50 215.470322 10.195061
51 222.141097 6.074793
52 230.442329 4.464398
53 210.532699 7.546133
54 232.559810 8.914330
55 220.267943 6.577647
56 194.180383 10.023986
57 209.454115 7.754877
58 218.936234 5.440714
59 213.380870 3.584465
60 220.114261 3.111874
61 222.834278 1.963762
62 220.150283 1.443300
63 189.245085 11.109794
64 212.173526 10.228391
65 196.652058 7.896892
66 236.795617 15.030031
67 234.138685 8.287229
68 217.941606 7.371131
69 221.482482 4.232266
70 214.144745 3.506596
71 213.343423 1.942015
72 243.903027 11.009220
73 224.370908 9.241826
74 218.511272 5.480689
75 194.353382 9.167668
76 216.506015 9.397280
77 189.551804 10.950050
78 210.865541 9.714830
79 203.259662 5.979227
80 218.477899 6.364103
81 208.343370 5.035469
82 220.703011 5.219909
83 206.910903 5.712388
84 214.673271 4.187649
85 199.501981 5.903724
86 220.150594 8.079268
87 224.945178 4.747418
88 207.483553 6.779668
89 213.445066 4.284688
90 201.933520 4.748189
91 202.680056 2.614430
92 193.804017 3.489979
93 199.541205 2.808195
94 204.062362 2.234703
95 199.818708 1.952834
96 177.545613 8.057740
97 197.463684 8.395608
98 199.239105 4.642321
99 188.571732 4.593022
100 208.471519 7.565926
101 213.741456 4.554524
102 218.822437 3.089070
103 209.146731 3.859983
104 223.744019 5.644993
105 229.523206 3.722088
106 213.756962 6.009638
107 213.227089 3.297093
108 194.868127 6.826158
109 184.460438 5.282593
110 194.638131 4.657238
111 202.591439 3.826194
112 230.177432 10.111039
113 206.253230 10.210780
114 204.675969 5.621198
115 225.202791 7.978282
116 235.560837 5.734999
117 249.868251 6.015472
118 248.560475 3.328012
119 229.968143 6.911339
120 216.690443 6.082498
121 220.407133 3.588188
122 234.822140 5.529801
123 239.146642 3.402655
124 235.543993 2.267633
125 256.163198 7.496999
126 236.448959 8.175019
127 264.834688 11.119607
128 273.350406 6.813029
129 243.705122 11.265846
130 238.311537 6.466532
131 240.193461 3.605574
132 238.658038 2.050161
133 224.897411 5.060294
134 227.069223 2.878960
135 235.420767 3.384399
136 226.726230 3.627065
137 222.017869 2.607094
138 219.905361 1.616433
139 231.871608 4.381112
140 250.161482 6.983401
141 228.348445 8.706650
142 249.104533 8.839245
143 233.631360 7.363568
144 250.689408 7.326525
145 229.206822 8.685580
146 218.562047 6.099211
147 246.168614 10.447358
148 241.850584 5.928023
149 240.555175 3.279968
150 226.166553 5.463142
151 244.249966 7.141281
152 246.174990 3.971878
153 236.252497 4.170295
154 240.975749 2.843540
155 258.492725 6.471255
156 291.047817 12.199489
157 270.714345 9.889698
158 281.414304 6.637911
159 294.424291 5.914434
160 284.327287 4.858184
161 293.898186 4.342580
162 291.869456 2.487281
163 272.360837 7.126604
164 292.408251 8.179807
165 290.722475 4.520858
166 303.516743 5.213226
167 290.555023 5.454733
168 306.966507 6.599640
169 296.489952 5.213285
170 317.146986 7.938300
171 328.944096 6.066177
172 328.983229 3.322611
173 316.394969 4.866817
174 326.618491 4.532561
175 321.285547 3.133663
176 335.785664 5.475265
177 338.735699 3.180012
178 371.120710 11.742148
179 394.836213 10.661858
180 378.150864 8.360440
181 346.545259 12.222967
182 341.263578 6.957509
183 349.479073 4.816630
184 347.743722 2.710565
185 354.923117 2.971733
186 320.676935 12.387011
187 376.903080 21.271918
188 390.970924 12.696187
189 372.091277 9.704952
190 372.727383 5.320512
191 358.918215 5.745437
192 399.575464 14.914192
193 363.472639 15.307244
194 369.441792 8.653012
195 366.332538 4.868814
196 373.799761 3.778978
197 376.039928 2.220229
198 392.111979 5.889840
199 410.933594 7.480234
200 394.880078 7.065480
201 409.664023 6.563347
202 394.499207 6.518515
203 374.549762 7.994762
204 388.164929 6.558087
205 395.049479 4.358492
206 417.414844 8.367293
207 390.524453 10.675795
208 360.057336 12.391029
209 378.917201 9.580889
210 377.575160 5.269686
211 409.372548 11.761211
212 393.011764 8.712819
213 427.303529 13.189554
214 384.391059 16.998560
215 370.117318 10.624519
216 344.135195 10.984486
217 369.940559 11.037008
218 364.382168 6.365294
219 418.014650 19.544398
220 406.104395 11.525339
221 392.731319 7.927398
222 397.119396 4.618307
223 406.135819 4.104992
224 399.740746 3.211459
225 413.222224 5.144116
226 401.866667 4.951534
227 350.860000 18.489376
228 371.958000 12.640710
229 358.687400 8.401121
230 352.606220 5.091985
231 386.481866 12.462819
232 383.344560 6.918240
233 374.003368 5.057418
234 368.401010 3.421789
235 353.420303 5.689182
236 368.526091 6.248847
237 349.257827 7.710293
238 368.677348 8.143780
239 373.103204 4.734430
240 356.930961 6.352260
241 367.479288 5.139178
242 402.843787 12.989261
243 349.053136 20.557948
244 344.115941 11.398369
245 357.334782 7.838567
246 345.200435 6.112618
247 345.060130 3.348397
248 346.418039 1.897526
249 367.125412 7.497400
250 371.937624 4.454288
251 371.281287 2.451038
252 359.184386 4.540570
253 345.755316 5.419557
254 350.126595 3.356819
255 354.237978 2.356645
256 341.471394 4.756200
257 359.341418 6.916946
258 345.102425 6.357748
259 314.230728 11.604430
260 318.969218 6.579186
261 314.090765 4.005698
262 318.927230 2.796632
263 353.278169 12.412049
264 330.683451 10.576206
265 369.405035 15.044329
266 371.921511 8.289376
267 353.776453 7.933813
268 353.932936 4.345890
269 358.879881 2.968579
270 321.863964 13.371967
271 339.459189 9.666826
272 358.737757 8.707441
273 358.921327 4.769716
274 351.976398 3.609199
275 365.992919 5.400686
276 340.797876 9.506109
277 326.239363 7.372963
278 330.971809 4.380373
279 305.091543 9.584984
280 331.627463 10.867189
281 333.288239 5.981920
282 304.386472 10.868868
283 320.915941 8.400500
284 320.974782 4.601192
285 331.492435 4.535856
286 312.247730 7.334149
287 306.474319 4.519126
288 315.242296 4.001373
289 325.572689 4.303958
290 308.371807 6.602855
291 309.511542 3.639550
292 299.353463 4.152197
293 315.206039 6.122316
294 302.461812 5.668051
295 296.538543 3.761513
296 291.261563 2.797313
297 287.578469 2.022766
298 282.973541 1.988436
299 278.092062 2.061521
300 282.927619 2.069129
301 286.478286 1.704500
302 295.943486 3.519987
303 273.583046 8.246298
304 293.474914 8.442416
305 276.342474 7.688996
306 304.802742 11.039808
307 260.140823 17.117914
308 262.842247 9.425771
309 272.052674 6.128664
310 304.915802 12.252485
311 303.574741 6.728168
312 282.172422 8.513155
313 263.851727 8.055859
314 280.055518 7.295693
315 289.116655 5.150184
316 258.934997 11.183793
317 265.980499 6.626110
318 257.594150 4.713188
319 264.178245 3.498264
320 266.853473 2.142784
321 266.956042 1.174227
322 280.986813 5.071936
323 257.196044 8.971559
324 255.658813 4.944743
325 249.597644 3.472546
326 256.879293 3.230285
327 262.563788 2.699076
328 257.269136 2.406198
329 232.580741 8.950050
330 210.474222 9.320066
331 234.642267 10.057681
332 262.892680 11.530747
333 274.867804 7.637083
334 243.460341 12.013495
335 248.738102 6.846791
336 225.821431 9.032492
337 237.846429 6.562566
338 241.453929 3.820133
339 233.436179 3.555721
340 225.430854 3.468786
341 227.929256 2.100545
342 230.778777 1.538719
343 237.933633 2.700393
344 248.480090 4.060585
345 270.544027 8.218108
346 250.563208 8.461156
347 241.068962 5.750380
348 231.920689 4.547562
349 249.476207 6.769736
350 231.642862 7.391761
351 238.192859 4.680542
352 237.357858 2.581063
353 227.307357 3.871162
354 208.892207 6.935173
355 220.167662 5.547525
356 214.450299 3.665417
357 211.335090 2.297457
358 230.000527 6.810110
359 225.800158 4.022645
360 221.040047 2.787070
361 221.012014 1.526574
362 197.203604 8.577797
363 204.061081 5.302797
364 199.818324 3.278766
365 209.745497 3.986935
366 205.723649 2.616939
367 230.417095 8.969561
368 213.325128 7.854691
369 192.797539 8.525639
370 218.839262 10.440279
371 180.451778 14.905118
372 196.235534 9.933749
373 200.270660 5.630030
374 197.281198 3.264690
375 196.384359 1.816830
376 207.315308 4.043847
377 186.794592 7.684218
378 186.938378 4.209135
379 169.481513 6.670545
380 176.144454 4.365404
381 185.143336 4.016058
382 193.443001 3.700701
383 198.732900 2.776036
384 203.819870 2.374656
385 218.645961 5.472967
386 190.193788 10.633341
387 197.758136 6.424730
388 198.627441 3.532748
389 200.988232 2.112028
390 203.096470 1.381903
391 207.228941 1.663897
392 218.968682 4.307026
393 217.590605 2.410252
394 225.577181 3.153375
395 223.073154 1.946611
396 246.121946 8.333064
397 230.636584 7.187695
398 201.490975 11.167632
399 198.347293 6.219762
400 217.704188 7.731752
401 231.911256 6.624572
402 224.973377 4.399337
403 215.192013 4.255271
404 217.857604 2.519077
405 215.157281 1.685596
406 234.647184 7.049187
407 259.394155 9.677090
408 236.018247 9.917132
409 252.105474 7.923320
410 239.431642 6.283758
411 249.629493 5.021615
412 240.088848 4.389540
413 240.026654 2.404353
414 243.507996 1.814532
415 248.752399 2.126959
416 241.225720 2.939536
417 249.467716 3.365440
418 261.740315 4.771044
419 267.522094 3.335696
420 234.256628 12.067066
421 259.976988 11.346320
422 252.993097 6.700204
423 237.597929 6.628777
424 228.779379 4.814644
425 242.933814 5.719552
426 257.680144 6.145924
427 237.604043 7.946849
428 246.981213 5.500107
429 254.694364 4.089549
430 262.608309 3.615221
431 281.082493 6.913884
432 276.124748 4.183387
433 280.937424 2.868479
434 276.781227 2.165500
435 255.234368 7.816541
436 267.670310 6.181699
437 256.001093 5.382534
438 274.200328 7.160721
439 283.860098 5.232583
440 300.058030 6.476700
441 269.217409 11.613536
442 273.965223 6.584868
443 271.189567 3.741483
444 301.156870 10.939004
445 262.547061 15.085165
446 255.164118 8.676221
447 261.349235 5.244200
448 273.704771 5.279972
449 287.911431 5.857721
450 284.473429 3.437087
451 284.842029 1.887204
452 310.852609 9.383682
453 299.055783 6.656478
454 276.616735 8.833443
455 302.085020 10.334634
456 304.825506 5.745172
457 274.147652 11.441356
458 288.044296 8.006290
459 280.313289 5.187940
460 324.893987 16.235832
461 364.868196 16.868010
462 360.760459 9.355660
463 363.028138 5.188417
464 353.908441 4.332325
465 380.572532 9.850971
466 400.471760 8.945619
467 365.841528 13.349041
468 362.452458 7.411870
469 355.835738 4.702098
470 348.250721 3.745658
471 316.575216 11.541644
472 317.572565 6.331726
473 336.771769 7.708428
474 355.131531 7.820801
475 378.839459 9.519196
476 357.951838 9.125750
477 368.485551 6.264979
478 377.945665 4.825073
479 367.483700 4.588779
480 371.345110 2.869517
481 357.803533 5.103620
482 374.741060 6.685703
483 400.822318 10.043306
484 387.646695 7.251208
485 391.394009 4.192786
486 384.818203 3.291416
487 367.445461 6.484940
488 348.233638 7.750567
489 384.470091 13.669163
490 389.041027 7.664210
491 370.112308 7.980521
492 388.233692 7.831187
493 364.270108 9.603688
494 379.481032 7.577408
495 384.744310 4.559257
496 379.323293 3.164559
497 386.096988 2.983884
498 394.429096 3.405439
499 407.428729 5.020602
500 400.828619 3.628043
501 403.048586 2.140664
502 375.014576 10.120264
503 386.904373 6.992976
504 416.371312 11.238734
505 385.311394 12.725093
506 385.793418 6.971963
507 367.738025 7.516409
508 335.721408 12.196017
509 359.016422 10.695472
510 359.004927 5.858153
511 362.501478 3.444893
512 382.450443 7.397745
513 415.735133 12.603908
514 410.320540 7.171261
515 426.896162 7.124132
516 389.168849 14.079352
517 391.850655 7.771302
518 392.655196 4.266282
519 379.596559 5.233104
520 398.078968 7.220495
521 374.923690 9.196543
522 389.677107 7.304670
523 362.603132 10.500016
524 357.980940 5.985147
525 353.094282 3.717097
526 350.228285 2.280596
527 351.468485 1.325930
528 336.440546 5.437266
529 358.532164 8.462689
530 390.359649 12.317733
531 362.107895 12.171226
532 364.832368 6.737654
533 350.249711 6.400001
534 375.974913 9.867866
535 410.992474 13.670059
536 386.497742 11.541359
537 365.149323 9.927636
538 367.144797 5.484464
539 367.743439 3.011624
540 357.423032 4.051569
541 374.626910 6.555783
542 347.588073 10.338853
543 350.676422 5.770084
544 369.102927 7.324124
545 347.330878 8.777160
546 360.399263 6.713370
547 367.119779 4.396336
548 396.435934 10.784126
549 361.130780 13.969523
550 356.839234 7.804628
551 363.951770 4.977736
552 376.585531 5.287238
553 367.775659 4.285486
554 395.232698 10.121176
555 376.869809 8.607275
556 377.660943 4.722926
557 350.598283 10.042705
558 357.879485 6.088769
559 346.063845 5.391818
560 349.519154 3.202584
561 351.255746 1.861371
562 322.376724 10.405177
563 335.413017 7.370914
564 361.723905 10.261790
565 337.417172 10.370802
566 300.025151 14.561246
567 321.707545 11.137943
568 303.012264 9.063862
569 332.403679 11.649600
570 325.821104 6.803308
571 312.646331 6.016829
572 305.893899 4.089368
573 329.768170 8.848736
574 319.430451 6.101661
575 324.029135 3.726673
576 293.208741 11.238150
577 295.162622 6.195131
578 264.248787 11.592460
579 263.374636 6.357184
580 292.512391 11.012829
581 282.353717 7.046497
582 277.906115 4.176030
583 280.771835 2.507517
584 305.431550 8.948228
585 278.529465 10.819946
586 281.658840 6.031622
587 282.597652 3.320762
588 291.979296 3.824197
589 302.493789 4.312946
590 281.148137 8.010139
591 293.644441 6.271053
592 300.193332 4.160769
593 269.258000 11.324124
594 264.877400 6.398279
595 272.663220 4.480543
596 263.098966 4.217066
597 300.829690 13.724808
598 308.648907 8.023215
599 305.394672 4.546776
600 271.518402 12.399627
601 257.155520 8.523410
602 270.346656 6.645808
603 291.803997 8.511555
604 289.141199 4.758740
605 300.242360 4.757970
606 295.872708 3.040791
607 288.961812 2.985725
608 268.688544 7.451035
609 272.406563 4.293333
610 301.521969 10.701434
611 313.056591 7.173724
612 292.016977 8.506045
613 278.005093 6.851908
614 277.301528 3.761414
615 277.790458 2.067657
616 257.637138 7.314551
617 250.191141 4.814475
618 268.257342 6.994131
619 258.977203 5.074255
620 238.693161 7.786151
621 251.507948 6.269058
622 248.352384 3.615327
623 250.205715 2.088731
624 243.061715 2.805478
625 222.718514 7.454526
626 239.715554 7.335884
627 240.614666 4.030942
628 209.384400 11.413766
629 223.115320 7.957565
630 243.334596 8.459274
631 238.900379 4.898551
632 231.970114 3.657026
633 210.991034 7.784551
634 213.097310 4.330146
635 213.729193 2.382517
636 214.618758 1.343375
637 210.685627 1.590703
638 217.905688 2.731563
639 222.871706 2.325763
640 238.361512 5.698370
641 226.208454 5.360132
642 191.062536 12.939679
643 207.818761 9.291379
644 191.145628 7.851173
645 200.143688 5.376065
646 227.343107 10.187681
647 218.702932 6.382386
648 214.710880 3.777490
649 221.213264 3.117204
650 218.963979 1.888271
651 198.689194 7.343101
652 206.606758 4.923028
653 224.382027 6.920572
654 215.714608 4.901746
655 238.314382 8.536742
656 201.694315 13.938467
657 211.708294 8.436668
658 228.012488 7.451908
659 207.003746 8.567759
660 215.401124 5.575687
661 217.220337 3.122819
662 216.366101 1.737648
663 208.409830 3.007438
664 202.522949 2.677517
665 210.556885 3.232531
666 224.867065 5.428057
667 213.760120 4.969935
668 224.428036 4.694899
669 219.228411 3.176270
670 208.568523 4.199594
671 235.470557 9.916684
672 237.241167 5.468571
673 232.872350 3.380172
674 183.261705 17.884903
675 214.578512 14.901556
676 228.173553 9.506847
677 228.752066 5.211245
678 207.925620 7.994611
679 233.877686 10.284369
680 209.463306 10.409948
681 201.438992 6.386609
682 230.531698 11.002619
683 228.759509 6.059793
684 268.127853 14.501202
685 250.538356 10.142200
686 228.461507 9.670747
687 219.738452 6.151440
688 211.521536 4.475814
689 229.356461 6.848829
690 215.806938 6.138103
691 221.542081 3.941046
692 235.862624 5.570163
693 247.858787 5.273563
694 246.557636 2.925886
695 239.167291 3.096846
696 231.350187 3.276242
697 224.105056 3.157387
698 242.931517 6.968574
699 252.079455 5.032671
700 242.923837 4.286709
701 242.277151 2.359350
702 234.383145 3.111580
703 231.314944 2.028530
704 225.494483 2.364359
705 232.848345 2.937705
706 220.354503 4.760097
707 235.506351 6.026176
708 228.151905 4.224759
709 227.345572 2.331989
710 223.603671 1.852481
711 227.381101 1.692362
712 221.514330 2.298810
713 222.554299 1.313169
714 215.866290 2.503648
715 248.859887 11.909678
716 255.257966 6.914858
717 257.877390 3.902147
718 243.263217 5.659289
719 231.178965 5.327611
720 231.753690 2.925321
721 253.626107 8.004759
722 258.087832 4.667153
723 263.626350 3.237074
724 252.687905 4.304313
725 242.406371 4.376004
726 251.921911 4.169699
727 246.376573 3.028133
728 251.712972 2.532237
729 264.513892 4.794980
730 266.954167 2.768246
731 271.886250 2.329488
732 262.865875 3.476988
733 265.059763 2.060502
734 278.317929 4.886088
735 262.695379 6.208206
736 266.408614 3.651754
737 304.622584 13.847542
738 295.786775 8.219738
739 305.036033 5.591811
740 298.010810 3.965601
741 314.103243 6.165507
742 316.130973 3.454372
743 316.739292 1.904569
744 317.621788 1.090113
745 352.186536 12.408207
746 300.955961 19.586578
747 322.686788 13.259161
748 325.706036 7.342591
749 337.811811 5.917449
750 323.243543 6.147532
751 313.973063 4.731522
752 338.491919 9.165699
753 315.047576 9.791356
754 343.014273 11.371964
755 344.404282 6.248590
756 332.221285 5.549480
757 302.666385 11.024751
758 325.299916 10.115715
759 319.489975 5.919315
760 344.346992 9.484307
761 338.504098 5.601337
762 341.651229 3.268933
763 360.795369 7.094150
764 353.238611 4.737099
765 329.271583 8.976961
766 318.581475 6.234476
767 386.074442 24.440583
768 382.522333 13.447114
769 402.456700 10.263481
770 376.937010 10.739388
771 375.581103 5.902263
772 359.774331 6.524960
773 334.032299 9.898013
774 357.809690 10.103509
775 355.842907 5.578675
776 333.552872 8.556672
777 338.765862 5.045687
778 403.329758 23.314958
779 379.298928 15.405315
780 366.489678 9.606910
781 371.046903 5.509812
782 390.614071 7.637674
783 372.684221 7.670287
784 349.105266 9.440947
785 360.931580 6.687426
786 349.079474 5.610458
787 341.323842 4.144481
788 353.697153 4.983688
789 374.909146 8.080946
790 363.772744 5.961196
791 401.731823 13.997081
792 410.319547 8.261809
793 400.995864 5.626198
794 385.598759 6.322718
795 394.979628 4.827774
796 380.293888 5.892482
797 377.288166 3.402641
798 347.686450 10.776623
799 371.705935 10.441174
800 366.311780 6.037091
801 349.293534 6.940525
802 374.288060 9.735154
803 395.086418 9.167787
804 404.825925 6.116415
805 400.047778 3.762783
806 375.514333 9.035121
807 365.354300 6.145077
808 366.506290 3.391049
809 355.651887 4.312517
810 346.795566 3.957748
811 364.438670 6.687356
812 368.331601 3.919784
813 403.099480 12.650188
814 378.529844 11.208145
815 379.558953 6.150034
816 356.767686 8.839245
817 361.130306 5.087898
818 354.039092 3.772435
819 339.311728 5.670618
820 343.993518 3.530574
821 357.298055 5.147621
822 357.789417 2.824968
823 350.236825 3.118984
824 358.471047 3.411139
825 387.541314 10.589804
826 366.862394 9.413958
827 349.458718 8.095030
828 377.837615 11.099792
829 388.451285 7.172530
830 369.935385 7.714454
831 393.080616 9.312882
832 345.424185 17.833173
833 323.427255 12.554593
834 336.428177 8.307647
835 374.628453 14.433447
836 337.788536 15.394539
837 336.536561 8.443878
838 331.960968 4.907290
839 350.888290 7.299612
840 356.566487 4.486724
841 312.769946 15.895182
842 339.530984 12.956615
843 335.659295 7.231144
844 364.597789 11.106630
845 336.179337 11.867710
846 353.553801 9.003604
847 330.766140 9.543779
848 339.329842 6.062520
849 319.498953 7.847852
850 305.149686 6.704452
851 301.544906 3.893022
852 324.263472 8.420610
853 309.379042 7.053830
854 319.613712 5.328660
855 293.284114 9.881814
856 287.485234 5.798150
857 270.345570 6.917785
858 283.403671 6.023284
859 311.121101 10.471855
860 305.436330 6.087111
861 273.630899 11.881787
862 295.589270 10.215006
863 291.676781 5.768190
864 312.903034 8.240750
865 309.470910 4.678407
866 291.641273 6.887567
867 284.192382 4.622282
868 279.157715 3.109447
869 257.347314 8.003824
870 245.204194 6.178746
871 272.361258 10.308991
872 249.708377 9.892391
873 270.912513 9.336247
874 260.473754 6.337175
875 288.142126 10.510678
876 285.942638 5.810706
877 262.182791 9.094601
878 273.254837 6.369861
879 272.376451 3.503104
880 293.812935 7.922312
881 276.443881 7.590577
882 295.033164 7.855851
883 281.009949 6.618003
884 285.202985 3.924267
885 299.060895 5.413967
886 284.318269 6.061161
887 285.495481 3.346562
888 276.048644 3.851481
889 285.114593 3.875260
890 276.634378 3.708286
891 255.190313 7.952906
892 248.057094 5.051405
893 276.017128 10.400359
894 267.605138 6.445786
895 274.181542 4.245591
896 297.854462 8.801129
897 253.856339 16.496394
898 246.956902 9.368009
899 262.387070 7.545824
900 253.016121 5.326565
901 236.904836 6.471895
902 248.871451 5.565702
903 262.961435 5.900686
904 254.588431 4.411260
905 243.676529 4.598555
906 238.302959 3.171206
907 245.090888 2.990154
908 231.727266 5.063932
909 266.218180 12.674564
910 258.365454 7.491446
911 258.809636 4.106324
912 251.942891 3.334815
913 256.882867 2.544381
914 252.064860 2.219621
915 240.119458 4.452439
916 217.635837 8.422697
917 212.290751 4.995580
918 233.787225 8.179205
919 226.236168 5.234574
920 207.870850 7.182300
921 221.961255 6.403291
922 230.388377 4.629397
923 230.816513 2.540268
924 223.244954 3.050688
925 192.973486 10.982256
926 185.992046 6.515337
927 200.697614 6.367019
928 204.409284 3.732686
929 203.422785 2.074851
930 199.626836 1.773166
931 186.588051 4.775108
932 208.576415 8.306820
933 194.172925 6.882912
934 201.051877 4.505146
935 206.615563 3.173134
936 228.584669 8.066880
937 212.075401 7.386831
938 190.322620 8.786777
939 199.896786 5.911657
940 204.869036 3.696351
941 230.160711 9.292042
942 212.548213 8.110825
943 188.364464 9.743260
944 183.909339 5.570569
945 210.572802 10.035735
946 192.671841 8.450727
947 194.301552 4.665396
948 196.190466 2.643580
949 206.557140 3.989218
950 174.667142 11.641636
951 185.400143 7.447778
952 182.320043 4.226177
953 213.596013 11.450982
954 211.778804 6.305717
955 214.733641 3.612643
956 185.520092 10.660312
957 192.856028 6.404051
958 188.756808 3.803160
959 174.927042 5.378670
960 205.078113 11.205429
961 211.323434 6.533246
962 208.997030 3.674349
963 213.199109 2.514060
964 210.259733 1.734070
965 217.077920 2.622801
966 229.623376 4.722223
967 229.887013 2.588195
968 205.466104 8.870578
969 198.139831 5.523326
970 198.041949 3.025454
971 210.612585 4.802393
972 205.283775 3.251128
973 202.985133 1.962216
974 213.495540 3.918954
975 208.248662 2.854294
976 224.174599 5.920673
977 218.452380 3.837477
978 203.435714 5.780204
979 217.130714 5.842704
980 223.339214 3.898333
981 230.101764 3.230935
982 242.630529 4.828409
983 244.989159 2.776566
984 221.196748 8.665700
985 226.659024 5.134630
986 231.797707 3.362201
987 239.639312 3.361142
988 234.291794 2.658158
989 225.687538 3.411495
990 221.006261 2.511782
991 243.401878 8.147360
992 244.520564 4.480485
993 237.856169 3.425320
994 202.956851 12.653656
995 212.787055 7.775522
996 212.236117 4.263408
997 228.870835 6.405505
998 228.961250 3.508589
999 242.988375 5.384311
1000 236.696513 3.713094
1001 243.908954 3.290033
1002 215.272686 10.424993
1003 229.781806 7.724655
1004 239.034542 5.376662
1005 263.510363 9.257175
1006 251.253109 6.710082
1007 239.875933 5.490889
1008 224.562780 6.260512
1009 247.268834 8.834315
1010 236.580650 6.172616
1011 243.174195 4.125527
1012 261.252259 6.864783
1013 272.975678 5.639880
1014 261.092703 5.262833
1015 262.427811 2.922055
1016 263.528343 1.648406
1017 254.058503 3.513572
1018 261.017551 3.151199
1019 268.005265 3.042519
1020 264.501580 2.086958
1021 252.950474 4.296703
1022 227.785142 9.325342
1023 239.135543 6.530901
1024 287.340663 17.651106
1025 268.202199 11.855872
1026 263.160660 6.740655
1027 285.448198 8.803225
1028 280.234459 5.171460
1029 261.170338 7.399412
1030 280.651101 8.075783
1031 287.895330 5.129597
1032 316.668599 10.692906
1033 312.000580 6.091231
1034 319.700174 4.330488
1035 304.510052 5.940748
1036 314.653016 4.880075
1037 308.595905 3.444074
1038 329.878771 7.861060
1039 339.063631 5.420828
1040 336.919089 3.067070
1041 353.075727 6.031912
1042 319.422718 12.511017
1043 337.326815 9.390000
1044 372.098045 13.487009
1045 362.929413 8.085668
1046 395.178824 12.382683
1047 381.753647 8.316993
1048 366.526094 7.110882
1049 302.457828 23.300687
1050 335.037348 17.301606
1051 344.111205 10.019460
1052 346.133361 5.535577
1053 360.040008 5.835909
1054 368.412003 4.385084
1055 361.123601 3.549437
1056 403.037080 15.154078
1057 371.511124 14.024235
1058 390.753337 10.325162
1059 390.226001 5.658484
1060 387.967800 3.203307
1061 404.090340 6.041418
1062 390.727102 5.823179
1063 402.818131 5.382292
1064 405.045439 3.054267
1065 363.013632 15.163846
1066 363.004090 8.305581
1067 373.501227 5.904411
1068 388.550368 6.291029
1069 387.465110 3.467642
1070 336.039533 18.537154
1071 338.111860 10.180372
1072 371.633558 13.250217
1073 367.690067 7.393910
1074 372.107020 4.348486
1075 372.032106 2.381915
1076 405.609632 12.110324
1077 373.682890 13.230760
1078 400.504867 12.042116
1079 365.851460 14.067689
1080 330.955438 14.694746
1081 354.086631 11.557382
1082 382.725989 12.063493
1083 394.117797 7.768107
1084 384.235339 5.537122
1085 352.570602 11.752054
1086 366.871181 8.229637
1087 376.061354 5.583649
1088 406.118406 11.203034
1089 356.335522 18.875792
1090 363.100657 10.619463
1091 378.430197 8.002844
1092 362.029059 7.334782
1093 374.608718 6.040352
1094 382.582615 4.372724
1095 369.574785 5.243183
1096 340.472435 10.823144
1097 351.341731 7.094488
1098 331.502519 8.105832
1099 361.250756 11.553857
1100 326.075227 14.111386
1101 320.422568 7.990466
1102 343.926770 9.496485
1103 364.278031 8.961355
1104 347.283409 7.824666
1105 348.485023 4.307350
1106 343.245507 3.015889
1107 367.573652 8.878333
1108 358.072096 5.937576
1109 336.321629 8.449933
1110 350.096489 6.768783
1111 362.628947 5.825691
1112 332.088684 11.406189
1113 336.226605 6.421199
1114 365.467982 11.059185
1115 358.140394 6.602661
1116 368.542118 5.195136
1117 404.562636 13.225558
1118 338.368791 24.815850
1119 319.910637 15.117958
1120 305.273191 9.803716
1121 318.381957 7.136353
1122 304.814587 6.240582
1123 319.644376 6.321331
1124 328.293313 4.648165
1125 346.987994 7.170509
1126 321.096398 10.080471
1127 340.628919 8.918367
1128 338.088676 4.968987
1129 307.226603 11.395936
1130 316.167981 7.017070
1131 332.850394 7.110104
1132 339.255118 4.521077
1133 350.276535 4.663671
1134 338.882961 4.818222
1135 331.964888 3.621874
1136 304.689466 9.979275
1137 305.606840 5.475763
1138 306.582052 3.019515
1139 301.274616 2.521300
1140 339.582385 13.805207
1141 325.174715 9.157735
1142 322.952415 5.078799
1143 308.985724 5.728742
1144 310.395717 3.178232
1145 289.818715 7.580842
1146 286.445615 4.324767
1147 277.033684 4.123167
1148 274.210105 2.474914
1149 295.063032 7.599088
1150 271.918909 9.284028
1151 269.175673 5.179334
1152 266.952702 2.946693
1153 278.185811 4.339170
1154 316.555743 13.962021
1155 303.566723 8.953954
1156 289.170017 7.120419
1157 293.251005 4.165501
1158 273.475302 7.448955
1159 291.342590 7.595474
1160 282.002777 5.340686
1161 263.800833 7.152201
1162 277.940250 6.407074
1163 277.982075 3.509331
1164 289.894622 4.684019
1165 294.168387 2.988373
1166 290.550516 2.088536
1167 278.965155 4.308773
1168 274.789546 2.794887
1169 298.036864 8.475156
1170 277.011059 8.853695
1171 280.503318 5.008434
1172 290.650995 4.556864
1173 260.095299 11.237006
1174 241.828590 8.987873
1175 253.148577 6.380437
1176 271.944573 7.591833
1177 257.983372 6.507787
1178 253.795012 3.867924
1179 237.838503 6.101134
1180 270.151551 12.058724
1181 265.145465 6.844411
1182 264.343640 3.759847
1183 290.703092 9.673419
1184 281.110928 6.316828
1185 285.933278 3.867898
1186 285.279983 2.131446
1187 269.683995 5.712790
1188 270.605199 3.146411
1189 275.781560 2.532786
1190 259.134468 6.128209
1191 242.940340 6.707034
1192 223.382102 7.916883
1193 228.014631 4.643522
1194 224.504389 2.837767
1195 259.851317 12.769248
1196 236.855395 10.812321
1197 241.856619 6.187709
1198 253.856986 5.477385
1199 248.357096 3.590216
1200 234.107129 5.474926
1201 230.532139 3.261236
1202 225.259642 2.600939
1203 202.677892 8.221471
1204 228.803368 10.393891
1205 217.041010 7.085065
1206 202.312303 6.553706
1207 183.193691 7.738276
1208 190.058107 4.901284
1209 202.617432 5.242824
1210 197.285230 3.449892
1211 206.885569 3.926895
1212 211.165671 2.642250
1213 204.049701 2.933414
1214 187.214910 6.246593
1215 193.364473 4.070403
1216 210.609342 6.573107
1217 191.282803 7.809295
1218 201.584841 5.651643
1219 189.275452 5.391067
1220 200.982636 5.132333
1221 213.594791 5.324815
1222 190.778437 8.685539
1223 176.233531 7.059137
1224 178.170059 3.928306
1225 186.451018 3.666902
1226 191.735305 2.761166
1227 198.920592 2.987497
1228 194.776177 2.210409
1229 196.332853 1.333166
1230 199.599856 1.380392
1231 178.179957 7.717627
1232 179.453987 4.251732
1233 183.336196 2.713105
1234 171.200859 4.598101
1235 192.760258 8.130421
1236 183.128077 5.635587
1237 168.338423 6.136031
1238 170.901527 3.484238
1239 196.870458 9.505192
1240 187.161137 6.262998
1241 204.548341 7.115940
1242 196.464502 4.857255
1243 186.339351 4.500983
1244 190.301805 2.845411
1245 184.490542 2.602089
1246 210.747162 9.522064
1247 209.524149 5.233854
1248 189.557245 7.712099
1249 174.467173 6.864399
1250 200.740152 10.143220
1251 193.922046 6.069787
1252 193.976614 3.324617
1253 194.692984 1.838996
1254 201.207895 2.543947
1255 203.162369 1.559692
1256 207.948711 1.917092
1257 203.084613 2.035805
1258 172.925384 10.871487
1259 190.477615 8.664131
1260 177.543285 6.635492
1261 186.262985 4.794228
1262 187.478896 2.661855
1263 174.543669 4.861916
1264 184.663101 4.500839
1265 184.898930 2.466661
1266 184.269679 1.369757
1267 189.680904 2.080292
1268 196.204271 2.601837
1269 177.161281 6.975344
1270 214.848384 14.043109
1271 211.454515 7.787400
1272 218.136355 4.892178
1273 240.440906 8.434655
1274 224.732272 7.284879
1275 207.419682 7.379499
1276 214.825904 4.836271
1277 206.547771 3.978383
1278 208.964331 2.345013
1279 217.389299 3.282642
1280 215.016790 1.989076
1281 217.805037 1.478676
1282 213.041511 1.890339
1283 212.312453 1.067873
1284 200.893736 4.135960
1285 201.668121 2.282312
1286 212.400436 4.046217
1287 212.120131 2.218483
1288 225.336039 4.892118
1289 248.200812 8.625353
1290 250.860244 4.819579
1291 227.158073 8.899383
1292 221.447422 5.287023
1293 230.234227 4.279313
1294 226.570268 2.686964
1295 233.871080 3.003170
1296 226.261324 3.186075
1297 228.878397 1.981393
1298 238.763519 3.706914
1299 234.029056 2.646566
1300 241.708717 3.111925
1301 250.312615 3.524626
1302 229.093785 7.849506
1303 251.428135 9.089490
1304 251.128441 4.979679
1305 251.038532 2.727673
1306 265.711560 5.469296
1307 252.613468 5.570608
1308 225.584040 10.160831
1309 244.775212 8.850183
1310 238.632564 5.324378
1311 230.489769 4.126699
1312 249.746931 7.265542
1313 269.524079 8.131746
1314 274.757224 4.833076
1315 284.027167 4.249231
1316 299.408150 5.986111
1317 301.922445 3.400419
1318 292.876734 3.740214
1319 292.263020 2.060385
1320 285.778906 2.584411
1321 302.033672 5.997880
1322 313.910102 5.378412
1323 297.173030 6.685421
1324 325.751909 10.882071
1325 309.825573 8.254559
1326 319.047672 5.601424
1327 304.314302 6.109179
1328 295.694290 4.555224
1329 316.208287 7.767301
1330 321.662486 4.682315
1331 322.598746 2.586489
1332 341.779624 7.022050
1333 333.533887 4.851248
1334 314.960166 7.170450
1335 317.788050 4.056203
1336 335.436415 6.706811
1337 342.830924 4.530400
1338 358.349277 6.092605
1339 360.904783 3.460578
1340 353.971435 3.126224
1341 356.791430 1.988575
1342 387.037429 10.899821
1343 385.611229 5.991940
1344 371.883369 5.916149
1345 341.165011 11.481398
1346 365.549503 10.770133
1347 374.264851 6.675677
1348 344.679455 11.220847
1349 361.703837 8.662334
1350 359.111151 4.834777
1351 338.033345 8.008336
1352 321.210004 7.458481
1353 330.863001 5.354345
1354 344.958900 5.843554
1355 349.187670 3.541654
1356 344.856301 2.484973
1357 351.956890 2.887021
1358 313.487067 13.884410
1359 328.546120 9.326835
1360 327.463836 5.123237
1361 350.939151 8.872922
1362 334.181745 7.728056
1363 334.754524 4.237810
1364 325.126357 4.160107
1365 338.337907 5.256753
1366 338.801372 2.884034
1367 316.540412 8.136886
1368 335.062123 7.998099
1369 352.518637 7.640054
1370 350.055591 4.276812
1371 316.416677 12.287219
1372 358.825003 16.629013
1373 346.347501 10.147623
1374 330.004250 8.076753
1375 357.301275 10.741150
1376 324.890383 13.025805
1377 329.867115 7.354313
1378 342.560134 6.077851
1379 343.568040 3.348536
1380 370.470412 9.819154
1381 376.441124 5.788629
1382 353.032337 8.972509
1383 356.509701 5.070155
1384 349.152910 3.830213
1385 333.645873 5.942937
1386 318.493762 6.333546
1387 325.148129 4.210387
1388 318.044439 3.436020
1389 332.713332 5.586359
1390 338.513999 3.699779
1391 332.554200 2.945041
1392 369.966260 13.511423
1393 332.189878 15.435222
1394 335.556963 8.539992
1395 322.567089 6.601074
1396 299.070127 9.168286
1397 288.521038 6.286898
1398 348.356311 21.729626
1399 360.006893 12.613674
1400 338.302068 10.406794
1401 327.590620 6.873286
1402 339.077186 5.580008
1403 337.623156 3.100447
1404 327.386947 4.044199
1405 322.216084 2.888665
1406 312.264825 3.903259
1407 302.279448 4.170156
1408 274.083834 10.364863
1409 298.525150 10.441975
1410 321.957545 10.163960
1411 312.187264 6.577617
1412 300.156179 5.620484
1413 309.146854 4.457541
1414 302.044056 3.528072
1415 306.913217 2.604314
1416 337.073965 10.908364
1417 313.922190 10.228031
1418 292.276657 9.572003
1419 292.082997 5.243262
1420 267.524899 9.262235
1421 272.057470 5.327109
1422 288.817241 6.680408
1423 297.345172 4.768521
1424 277.503552 7.578846
1425 270.851066 4.787659
1426 289.155320 7.067801
1427 283.446596 4.379067
1428 279.633979 2.760759
1429 265.190194 5.395321
1430 253.857058 5.024595
1431 258.157117 3.154571
1432 267.847135 3.880438
1433 274.954141 3.318346
1434 266.586242 3.508022
1435 252.875873 5.278256
1436 269.062762 6.484265
1437 245.918829 9.026733
1438 254.375649 5.799976
1439 259.012695 3.585594
1440 251.303808 3.390804
1441 258.791143 3.264506
1442 255.437343 2.154824
1443 239.031203 5.999954
1444 227.109361 5.392006
1445 232.632808 3.555930
1446 262.289842 10.810970
1447 238.986953 10.241122
1448 234.796086 5.807092
1449 232.138826 3.320323
1450 233.441648 1.877656
1451 247.832494 5.261594
1452 273.149748 9.524436
1453 243.644924 11.795777
1454 223.593477 9.666209
1455 207.778043 7.758221
1456 221.933413 6.619625
1457 226.880024 4.036315
1458 234.664007 3.560582
1459 228.599202 2.921031
1460 229.579761 1.638092
1461 215.173928 5.242821
1462 223.452178 4.130022
1463 221.735654 2.344345
1464 233.120696 4.279499
1465 238.636209 3.066837
1466 200.390863 13.816074
1467 195.917259 7.735521
1468 219.075178 9.322176
1469 208.522553 6.355181
1470 217.956766 4.853856
1471 209.587030 4.009330
1472 209.176109 2.200938
1473 199.952833 3.520037
1474 200.685850 1.945837
1475 207.905755 2.799631
1476 198.871726 3.583932
1477 208.061518 3.835560
1478 218.518455 4.297956
1479 223.055537 2.861535
1480 232.116661 3.607318
1481 230.634998 2.045991
1482 222.490499 3.127992
1483 223.547150 1.754666
1484 214.064145 3.533518
1485 231.519243 6.551254
1486 200.355773 11.736241
1487 188.206732 7.765233
1488 205.562020 7.537648
1489 203.068606 4.224238
1490 191.820582 4.649716
1491 169.546175 8.383112
1492 175.463852 5.058202
1493 175.839156 2.773757
1494 176.651747 1.546937
1495 189.495524 4.682668
1496 194.748657 3.182168
1497 169.724597 9.140555
1498 179.017379 6.013968
1499 178.305214 3.303869
1500 176.691564 1.899855
1501 192.307469 5.695245
1502 175.992241 6.629838
1503 190.697672 6.402340
1504 172.009302 7.563149
1505 179.702791 4.976995
1506 181.310837 2.786325
1507 176.893251 2.199582
1508 183.267975 2.583838
1509 180.980393 1.635752
1510 180.294118 0.929117
1511 181.488235 0.665064
1512 176.946471 1.668777
1513 188.183941 4.131772
1514 209.755182 8.059040
1515 193.126555 7.418617
1516 195.137966 4.126855
1517 191.541390 2.602383
1518 179.962417 4.389718
1519 184.188725 2.842075
1520 186.856618 1.827113
1521 212.156985 9.126948
1522 196.647096 7.477905
1523 188.494129 5.032095
1524 182.548239 3.484545
1525 173.064472 3.899560
1526 191.919341 7.090127
1527 176.575802 6.734226
1528 174.772741 3.744720
1529 182.631822 3.485414
1530 173.789547 3.700932
1531 201.236864 10.048335
1532 186.371059 7.661853
1533 167.211318 8.050417
1534 169.163395 4.464605
1535 162.749019 3.357050
1536 183.224706 7.568685
1537 179.567412 4.348016
1538 196.670224 6.578716
1539 164.701067 12.016127
1540 178.210320 8.171932
1541 171.063096 5.157706
1542 196.918929 9.691939
1543 209.575679 6.984009
1544 208.472704 3.845690
1545 209.541811 2.140971
1546 181.162543 10.243259
1547 206.948763 10.815183
1548 195.784629 7.149499
1549 195.235389 3.920891
1550 195.770617 2.156119
1551 209.231185 4.968915
1552 203.469355 3.416934
1553 186.340807 6.420579
1554 172.802242 5.994444
1555 190.440673 7.126037
1556 189.432202 3.919806
1557 204.529661 5.823673
1558 195.058898 4.659057
1559 209.017669 5.618170
1560 195.005301 5.891833
1561 199.201590 3.560632
1562 226.360477 9.931685
1563 217.008143 6.390396
1564 211.402443 4.036256
1565 228.620733 6.557813
1566 209.986220 7.585992
1567 203.695866 4.727744
1568 202.508760 2.624244
1569 202.152628 1.443019
1570 213.245788 4.055424
1571 204.673737 3.792278
1572 220.302121 5.976414
1573 208.190636 5.438304
1574 207.357191 2.993636
1575 195.207157 4.654965
1576 181.762147 5.453645
1577 188.228644 3.781397
1578 185.968593 2.224053
1579 195.090578 3.490334
1580 217.427173 8.234199
1581 208.728152 5.483611
1582 215.218446 3.799596
1583 217.165534 2.195111
1584 216.349660 1.237391
1585 242.004898 9.224095
1586 235.701469 5.534775
1587 240.110441 3.418980
1588 216.933132 8.519026
1589 213.479940 4.827556
1590 216.643982 2.877280
1591 216.893195 1.578482
1592 246.367958 10.604028
1593 245.410388 5.818206
1594 254.223116 4.487856
1595 234.466935 7.498303
1596 206.140080 10.956024
1597 218.642024 7.490385
1598 221.692607 4.245969
1599 233.107782 4.707667
1600 207.132335 9.664308
1601 242.039700 13.589961
1602 241.311910 7.448102
1603 219.393573 8.854926
1604 221.918072 4.933793
1605 205.175422 6.583568
1606 244.952626 14.711630
1607 240.785788 8.195239
1608 256.335736 7.158021
1609 238.600721 7.470666
1610 236.080216 4.190473
1611 229.724065 3.234562
1612 239.717219 3.997282
1613 248.315166 3.781280
1614 242.494550 2.940301
1615 236.548365 2.671989
1616 241.064509 2.182692
1617 245.919353 2.111778
1618 271.875806 9.378767
1619 267.062742 5.419116
1620 255.118823 5.210728
1621 264.835647 4.503864
1622 241.150694 8.843701
1623 271.845208 12.024862
1624 241.853562 12.610672
1625 238.456069 7.013758
1626 252.836821 6.430178
1627 290.751046 14.043650
1628 258.725314 13.821585
1629 282.717594 11.459510
1630 257.015278 11.150406
1631 281.504583 10.696126
1632 261.551375 9.247180
1633 266.765413 5.398932
1634 266.929624 2.957703
1635 294.978887 10.187218
1636 305.493666 6.734148
1637 279.248100 10.107841
1638 293.074430 7.431635
1639 298.622329 4.530572
1640 289.086699 4.224760
1641 270.826010 6.944572
1642 304.547803 12.675738
1643 292.964341 8.090338
1644 294.389302 4.460621
1645 292.016791 2.587053
1646 301.805037 3.785004
1647 315.941511 5.476457
1648 283.782453 11.914977
1649 288.834736 6.772877
1650 322.550421 12.645742
1651 297.665126 11.295835
1652 302.099538 6.388035
1653 283.129861 7.649075
1654 299.138958 7.106633
1655 291.341688 4.792503
1656 302.302506 4.726197
1657 305.590752 2.844515
1658 289.777226 5.880385
1659 304.633168 6.224891
1660 295.789950 4.656113
1661 296.636985 2.568280
1662 312.991096 6.030434
1663 326.297329 5.802944
1664 301.589199 9.412441
1665 285.076760 7.850769
1666 306.723028 8.873214
1667 285.916908 8.903822
1668 276.175073 5.998773
1669 264.852522 5.222879
1670 258.655757 3.622246
1671 289.696727 11.305757
1672 267.509018 10.081718
1673 263.652705 5.692479
1674 288.395812 9.404013
1675 277.618743 6.439223
1676 276.485623 3.550234
1677 274.745687 2.042176
1678 285.423706 3.988843
1679 281.627112 2.574200
1680 286.788134 2.326499
1681 279.936440 2.767608
1682 261.080932 6.928847
1683 286.924280 10.013630
1684 282.077284 5.753469
1685 255.423185 10.063455
1686 279.626956 10.281147
1687 306.488087 11.156948
1688 284.446426 9.990382
1689 270.833928 7.332572
1690 272.350178 4.052847
1691 275.605054 2.507944
1692 295.481516 7.258246
1693 309.844455 6.506009
1694 277.053336 12.286001
1695 267.216001 7.597764
1696 278.264800 5.745719
1697 272.479440 3.769260
1698 263.043832 3.963458
1699 286.113150 8.552050
1700 283.233945 4.796572
1701 299.870183 6.518139
1702 302.761055 3.717570
1703 286.128317 6.301994
1704 287.438495 3.483567
1705 294.831548 3.266180
1706 285.849465 3.684188
1707 288.054839 2.167326
1708 271.916452 5.907225
1709 289.474936 7.078645
1710 305.242481 6.855437
1711 286.172744 7.800944
1712 267.851823 7.836594
1713 267.955547 4.292441
1714 269.386664 2.406416
1715 278.915999 3.662321
1716 269.874800 3.812300
1717 272.762440 2.330703
1718 284.828732 4.510993
1719 289.848620 3.056898
1720 284.354586 2.585390
1721 280.606376 1.952327
1722 287.181913 2.588939
1723 281.454574 2.495643
1724 272.736372 3.411862
1725 253.320912 7.208227
1726 236.996273 7.060528
1727 283.198882 17.012181
1728 269.059665 10.607920
1729 255.017899 7.688236
1730 255.705370 4.218229
1731 231.411611 9.012169
1732 244.423483 6.792204
1733 251.127045 4.429212
1734 261.538113 4.452109
1735 249.961434 4.814298
1736 234.588430 6.110518
1737 246.076529 5.307535
1738 232.022959 5.817577
1739 240.406888 4.380705
1740 238.722066 2.474296
1741 235.416620 1.800392
1742 221.824986 4.972298
1743 234.547496 5.313002
1744 243.964249 4.457521
1745 236.289275 3.678910
1746 219.986782 6.183114
1747 226.996035 4.217338
1748 235.398810 3.796548
1749 226.719643 3.742881
1750 212.215893 5.590069
1751 233.064768 8.078460
1752 241.419430 5.343481
1753 225.725829 6.342837
1754 207.717749 7.332396
1755 234.515325 10.414300
1756 230.654597 5.869726
1757 221.796379 4.519386
1758 228.238914 3.385849
1759 221.071674 3.169199
1760 200.021502 7.744959
1761 225.906451 10.205004
1762 211.971935 7.497162
1763 227.391581 6.887095
1764 231.317474 4.026319
1765 225.495242 3.036731
1766 253.148573 10.054151
1767 220.144572 13.052740
1768 211.643372 7.772009
1769 208.393011 4.413567
1770 227.717903 7.338873
1771 206.215371 8.695048
1772 221.464611 7.251143
1773 222.539383 3.990268
1774 223.561815 2.216095
1775 209.868545 5.057785
1776 218.360563 4.116577
1777 218.808169 2.260447
1778 221.042451 1.474692
1779 223.812735 1.280286
1780 204.343821 7.016073
1781 199.203146 4.262075
1782 203.260944 2.750746
1783 217.078283 5.178484
1784 204.423485 5.351163
1785 179.627045 9.361856
1786 202.288114 9.608216
1787 208.386434 5.698847
1788 201.815930 3.910714
1789 194.944779 3.264707
1790 206.883434 4.639285
1791 232.865030 9.656510
1792 209.159509 10.011263
1793 206.247853 5.581900
1794 198.374356 4.161451
1795 199.512307 2.315555
1796 181.653692 6.527928
1797 214.796108 12.410058
1798 201.638832 8.274078
1799 187.191650 6.882854
1800 207.357495 8.154577
1801 200.807248 5.046344
1802 180.642175 7.740846
1803 182.992652 4.322793
1804 182.297796 2.380764
1805 185.589339 1.758803
1806 187.276802 1.137597
1807 186.383040 0.700673
1808 186.114912 0.395634
1809 179.034474 2.548054
1810 190.210342 4.243389
1811 200.563103 4.379743
1812 186.868931 5.464951
1813 167.360679 7.608573
1814 186.008204 7.878787
1815 186.002461 4.315390
1816 190.900738 2.944759
1817 165.770222 9.154226
1818 186.931066 9.094605
1819 177.179320 6.086070
1820 177.753796 3.339836
1821 176.526139 1.881523
1822 195.757842 6.972464
1823 174.927352 8.388857
1824 200.178206 10.153312
1825 182.553462 8.418151
1826 182.866039 4.612173
1827 185.759812 2.730987
1828 190.827943 2.353714
1829 186.748383 1.949816
1830 191.824515 2.110320
1831 200.347354 3.267309
1832 197.304206 2.096011
1833 197.791262 1.161240
1834 179.737379 6.504726
1835 204.421214 9.541014
1836 193.626364 6.503196
1837 209.287909 6.650111
1838 192.986373 6.887218
1839 209.795912 7.110510
1840 214.138774 4.194368
1841 217.541632 2.601269
1842 229.062490 4.369815
1843 205.218747 8.878318
1844 202.265624 4.976809
1845 211.879687 4.394823
1846 212.663906 2.423512
1847 211.499172 1.391562
1848 224.449752 4.705806
1849 203.134925 8.065742
1850 221.240478 7.852642
1851 218.272143 4.430806
1852 192.881643 9.422140
1853 208.364493 7.579841
1854 208.809348 4.154713
1855 214.542804 3.066751
1856 209.262841 2.530969
1857 200.678852 3.375724
1858 190.403656 4.122279
1859 206.921097 6.338420
1860 203.476329 3.684882
1861 221.342899 6.716796
1862 218.302870 3.837034
1863 207.590861 4.378362
1864 212.777258 3.034703
1865 215.033177 1.848553
1866 215.709953 1.041169
1867 216.612986 0.655787
1868 227.383896 3.878777
1869 218.015169 3.974743
1870 225.004551 3.319710
1871 222.901365 1.968467
1872 203.370410 7.085696
1873 210.111123 4.572095
1874 203.033337 3.565390
1875 214.910001 4.685004
1876 233.173000 7.033358
1877 216.951900 6.976437
1878 226.085570 5.032607
1879 227.425671 2.798042
1880 215.927701 4.398441
1881 222.278310 3.314996
1882 231.883493 3.893418
1883 208.865048 8.524730
1884 223.659514 7.067004
1885 209.897854 6.271526
1886 236.569356 10.161759
1887 238.970807 5.632040
1888 220.791242 7.211683
1889 244.037373 9.223897
1890 243.311212 5.058842
1891 254.293364 4.815004
1892 248.488009 3.359823
1893 246.046403 2.037890
1894 243.213921 1.509113
1895 246.564176 1.458197
1896 277.669253 11.181864
1897 272.300776 6.419947
1898 258.090233 6.190991
1899 262.927070 3.808732
1900 259.478121 2.425143
1901 251.443436 3.172455
1902 260.933031 3.820669
1903 277.779909 6.392969
1904 283.533973 4.064224
1905 285.260192 2.310519
1906 289.278058 1.917579
1907 279.983417 3.494347
1908 249.895025 10.957204
1909 297.568508 18.117125
1910 302.770552 10.096949
1911 311.331166 6.325089
1912 298.499350 5.759515
1913 296.049805 3.274610
1914 286.914941 3.734388
1915 317.774482 11.252720
1916 306.032345 7.464199
1917 287.809703 7.707678
1918 287.942911 4.221939
1919 273.282873 5.742785
1920 316.484862 15.806996
1921 305.645459 9.490234
1922 286.993638 8.470427
1923 303.798091 7.604714
1924 299.039427 4.501221
1925 300.411828 2.514052
1926 317.623548 6.323335
1927 293.387065 9.355167
1928 300.116119 5.663699
1929 321.734836 8.349463
1930 317.020451 4.875614
1931 283.406135 12.345331
1932 302.721841 9.679448
1933 303.616552 5.311350
1934 305.984966 3.030567
1935 304.595490 1.733069
1936 287.378647 6.245971
1937 308.113594 8.184216
1938 299.634078 5.416547
1939 326.490223 10.076416
1940 321.947067 5.754476
1941 324.784120 3.311956
1942 324.935236 1.814842
1943 307.480571 6.337141
1944 316.244171 4.682113
1945 313.973251 2.690670
1946 295.091975 6.928778
1947 302.727593 4.679577
1948 288.218278 5.799691
1949 271.965483 6.637281
1950 315.389645 15.989302
1951 334.716894 11.168000
1952 313.215068 9.841723
1953 306.764520 5.865804
1954 290.829356 6.555179
1955 330.148807 14.548712
1956 340.544642 8.797423
1957 307.263393 12.869711
1958 320.379018 8.473821
1959 308.213705 6.369427
1960 301.064112 4.329322
1961 325.519233 9.083801
1962 318.155770 5.632570
1963 322.946731 3.531132
1964 296.384019 9.718940
1965 315.715206 8.739783
1966 285.814562 11.741560
1967 283.844369 6.469802
1968 306.353311 8.814677
1969 295.605993 6.177393
1970 296.581798 3.401541
1971 314.374539 6.646390
1972 321.812362 4.512768
1973 331.043709 4.131113
1974 331.013113 2.262730
1975 317.703934 4.930556
1976 310.911180 3.636701
1977 299.773354 4.462859
1978 319.532006 7.494663
1979 334.559602 6.773928
1980 332.067881 3.816293
1981 329.220364 2.326312
1982 319.966109 3.554509
1983 295.489833 8.989771
1984 301.446950 5.367256
1985 298.334085 3.144532
1986 306.500225 3.397104
1987 309.650068 2.176630
1988 326.695020 6.226976
1989 333.908506 4.280503
1990 332.572552 2.392965
1991 301.371766 11.264136
1992 304.611530 6.278035
1993 302.083459 3.556098
1994 278.925038 8.529256
1995 278.977511 4.671704
1996 297.193253 7.014923
1997 317.357976 8.187915
1998 321.307393 4.702981
1999 318.292218 2.793615
2000 293.587665 8.989458
2001 298.076300 5.180110
2002 296.622890 2.884728
2003 319.986867 8.525285
2004 303.196060 7.619215
2005 317.758818 6.684488
2006 313.027645 4.035177
2007 305.308294 3.542056
2008 326.092488 7.700941
2009 319.027746 4.920205
2010 336.508324 6.822769
2011 279.452497 20.796930
2012 267.235749 12.204214
2013 271.970725 6.896769
2014 316.791217 16.509202
2015 301.537365 10.567977
